image: map_wobit.pgm
resolution: 0.050000
origin: [-28.077528, -38.442251, 0.0]
negate: 0
occupied_thresh: 0.65
free_thresh: 0.196

