image: map_wobit.pgm
resolution: 0.050000
origin: [-13.651094, -15.630560, 0.0]
negate: 0
occupied_thresh: 0.65
free_thresh: 0.196

